[N
55
34
10 NOP_ALUSRC
41
18 adder_subtractor_n
51
8 iInstExt
29
10 NOP_ALUCTL
5
10 ADDR_WIDTH
9
8 mux2t1_n
14
5 reg_n
8
1 N
46
15 NOP_PCWRITEBACK
6
7 adder_n
12
5 mixed
27
11 NOP_RS2DATA
45
6 ex_mem
30
8 NOP_JALR
22
8 mux4t1_n
3
3 rtl
26
11 NOP_RS1DATA
33
9 NOP_AUIPC
32
10 NOP_BRANCH
10
8 dataflow
47
10 NOP_ALUOUT
37
12 NOP_REGWRITE
16
9 structure
39
12 NOP_HALTFLAG
13
7 RST_VAL
38
12 NOP_WRBCKSEL
18
9 NOP_PCINC
40
6 xorg_n
55
12 OUTPUT_TRACE
53
2 tb
43
5 org_n
36
10 NOP_BYTEOP
19
8 NOP_INST
50
15 riscv_processor
4
10 DATA_WIDTH
25
5 id_ex
21
5 i_RST
28
7 NOP_IMM
20
4 i_WE
48
6 mem_wb
17
6 NOP_PC
1
95 /home/jclark15/cpre381/RiscvProcessor/Project/cpre3810-toolflow/containers/sim_container_0/work
7
10 structural
2
3 mem
15
5 if_id
44
9 logicunit
49
11 NOP_BYTEOUT
54
9 gCLK_HPER
31
8 NOP_JUMP
42
6 andg_n
52
9 iInstAddr
24
4 i_D1
23
4 i_D3
35
12 NOP_MEMWRITE
11
4 dffg
]
[G
1
25
16
1
29
0
0
0
0
9 1
2
0
0
]
[G
1
45
16
1
27
0
0
0
0
32 1
2
0
0
]
[G
1
25
16
1
39
0
0
0
0
1 1
2
0
0
]
[G
1
48
16
1
39
0
0
0
0
1 1
2
0
0
]
[G
1
25
16
1
17
0
0
0
0
32 1
2
0
0
]
[G
1
25
16
1
32
0
0
0
0
1 1
2
0
0
]
[G
1
40
7
1
8
1
0
32
0
0 0
0
0
]
[G
1
45
16
1
46
0
0
0
0
32 1
2
0
0
]
[G
1
25
16
1
38
0
0
0
0
2 1
2
0
0
]
[G
1
25
16
1
36
0
0
0
0
4 1
2
0
0
]
[G
1
25
16
1
31
0
0
0
0
1 1
2
0
0
]
[G
1
48
16
1
38
0
0
0
0
2 1
2
0
0
]
[G
1
43
7
1
8
1
0
32
0
0 0
0
0
]
[G
1
15
16
1
17
0
0
0
0
32 1
2
0
0
]
[G
1
25
16
1
37
0
0
0
0
1 1
2
0
0
]
[G
1
48
16
1
37
0
0
0
0
1 1
2
0
0
]
[G
1
45
16
1
19
0
0
0
0
32 0
2
2
2
2
2
2
2
2
2
2
2
2
2
2
2
2
2
2
2
2
2
2
2
2
2
2
3
3
2
2
3
3
0
0
]
[G
1
48
16
1
47
0
0
0
0
32 1
2
0
0
]
[G
1
53
12
1
55
0
0
0
0
8 8
109
115
46
116
114
97
99
101
1
1
1 8 1 1
]
[G
1
2
3
1
5
1
0
10
0
0 0
0
0
]
[G
1
9
10
1
8
1
0
32
0
0 0
0
0
]
[G
1
44
7
1
8
1
0
32
0
0 0
0
0
]
[G
1
45
16
1
35
0
0
0
0
1 1
2
0
0
]
[G
1
25
16
1
27
0
0
0
0
32 1
2
0
0
]
[G
1
22
10
1
8
1
0
32
0
0 0
0
0
]
[G
1
22
10
2
8
1
0
32
0
0 0
0
0
]
[G
1
14
7
1
13
0
0
0
0
32 0
2
2
2
2
2
2
2
2
2
3
2
2
2
2
2
2
2
2
2
2
2
2
2
2
2
2
2
2
2
2
2
2
1
1
0 31 1 1
]
[G
1
14
7
2
13
0
0
0
0
32 1
2
1
1
31 0 2 1
]
[G
1
14
7
3
13
0
0
0
0
32 0
2
2
2
2
2
2
2
2
2
2
2
2
2
2
2
2
2
2
2
2
2
2
2
2
2
2
3
3
2
2
3
3
1
1
31 0 2 1
]
[G
1
14
7
4
13
0
0
0
0
32 1
2
1
1
0 31 1 1
]
[G
1
14
7
5
13
0
0
0
0
9 1
2
1
1
8 0 2 1
]
[G
1
14
7
6
13
0
0
0
0
1 1
2
1
1
0 0 2 1
]
[G
1
14
7
7
13
0
0
0
0
4 1
2
1
1
3 0 2 1
]
[G
1
14
7
8
13
0
0
0
0
2 1
2
1
1
1 0 2 1
]
[G
1
14
7
9
13
0
0
0
0
32 1
2
1
1
0 31 1 1
]
[G
1
14
7
10
13
0
0
0
0
32 0
2
3
3
3
3
3
3
3
3
3
3
3
3
3
3
3
3
3
3
2
3
3
3
3
3
3
3
3
3
3
2
2
1
1
0 31 1 1
]
[G
1
25
16
1
34
0
0
0
0
1 1
2
0
0
]
[G
1
42
7
1
8
1
0
32
0
0 0
0
0
]
[G
1
25
16
1
18
0
0
0
0
32 1
2
0
0
]
[G
1
48
16
1
46
0
0
0
0
32 1
2
0
0
]
[G
1
45
16
1
39
0
0
0
0
1 1
2
0
0
]
[G
1
53
12
1
54
0
0
0
0
8 8
-128
-106
-104
0
0
0
0
0
0
0
]
[G
1
53
12
1
8
1
0
32
0
0 0
0
0
]
[G
1
25
16
1
33
0
0
0
0
1 1
2
0
0
]
[G
1
25
16
1
19
0
0
0
0
32 0
2
2
2
2
2
2
2
2
2
2
2
2
2
2
2
2
2
2
2
2
2
2
2
2
2
2
3
3
2
2
3
3
0
0
]
[G
1
41
7
1
8
1
0
32
0
0 0
0
0
]
[G
1
15
16
1
18
0
0
0
0
32 1
2
0
0
]
[G
1
48
16
1
19
0
0
0
0
32 0
2
2
2
2
2
2
2
2
2
2
2
2
2
2
2
2
2
2
2
2
2
2
2
2
2
2
3
3
2
2
3
3
0
0
]
[G
1
25
16
1
30
0
0
0
0
1 1
2
0
0
]
[G
1
45
16
1
36
0
0
0
0
4 1
2
0
0
]
[G
1
2
3
1
4
1
0
32
0
0 0
0
0
]
[G
1
48
16
1
49
0
0
0
0
32 1
2
0
0
]
[G
1
11
12
1
13
0
0
2
0
0 0
0
0
]
[G
1
11
12
2
13
0
0
3
0
0 0
0
0
]
[G
1
11
12
3
13
0
0
2
0
0 0
0
0
]
[G
1
45
16
1
38
0
0
0
0
2 1
2
0
0
]
[G
1
15
16
1
19
0
0
0
0
32 0
2
2
2
2
2
2
2
2
2
2
2
2
2
2
2
2
2
2
2
2
2
2
2
2
2
2
3
3
2
2
3
3
0
0
]
[G
1
25
16
1
26
0
0
0
0
32 1
2
0
0
]
[G
1
25
16
1
35
0
0
0
0
1 1
2
0
0
]
[G
1
14
7
1
8
1
0
32
0
0 0
0
0
]
[G
1
14
7
2
8
1
0
32
0
0 0
0
0
]
[G
1
14
7
3
8
1
0
32
0
0 0
0
0
]
[G
1
14
7
4
8
1
0
32
0
0 0
0
0
]
[G
1
14
7
5
8
1
0
9
0
0 0
0
0
]
[G
1
14
7
6
8
1
0
1
0
0 0
0
0
]
[G
1
14
7
7
8
1
0
4
0
0 0
0
0
]
[G
1
14
7
8
8
1
0
2
0
0 0
0
0
]
[G
1
14
7
9
8
1
0
32
0
0 0
0
0
]
[G
1
14
7
10
8
1
0
32
0
0 0
0
0
]
[G
1
45
16
1
37
0
0
0
0
1 1
2
0
0
]
[G
1
6
7
1
8
1
0
32
0
0 0
0
0
]
[G
1
45
16
1
47
0
0
0
0
32 1
2
0
0
]
[G
1
25
16
1
28
0
0
0
0
32 1
2
0
0
]
[G
1
50
16
1
8
1
0
32
0
0 0
0
0
]
[G
1
48
16
1
28
0
0
0
0
32 1
2
0
0
]
[P
1
11
12
20
21
3
0
0
]
[P
1
50
16
51
52
1
0
0
]
[P
1
22
10
23
24
1
0
0
]
[P
1
14
7
20
21
4
0
0
]
