[N
46
22
10 NOP_ALUSRC
31
6 i_jump
38
10 i_haltFlag
17
10 NOP_ALUCTL
46
9 i_ByteOut
32
6 i_jalr
29
9 i_RS1Data
40
15 NOP_PCWRITEBACK
5
5 reg_n
7
1 N
28
9 i_RS2Data
3
5 mixed
33
8 i_branch
15
11 NOP_RS2DATA
39
6 ex_mem
18
8 NOP_JALR
36
10 i_memWrite
14
11 NOP_RS1DATA
21
9 NOP_AUIPC
20
10 NOP_BRANCH
1
95 /home/jclark15/cpre381/RiscvProcessor/Project/cpre3810-toolflow/internal/ModelSimContainer/work
42
8 i_ALUOut
41
10 NOP_ALUOUT
30
5 i_Imm
25
12 NOP_REGWRITE
9
9 structure
27
12 NOP_HALTFLAG
4
7 RST_VAL
26
12 NOP_WRBCKSEL
11
9 NOP_PCINC
24
10 NOP_BYTEOP
12
8 NOP_INST
35
8 i_ALUSrc
43
13 i_PCWriteBack
37
10 i_regWrite
13
5 id_ex
16
7 NOP_IMM
44
6 mem_wb
10
6 NOP_PC
6
10 structural
8
5 if_id
34
7 i_AUIPC
45
11 NOP_BYTEOUT
19
8 NOP_JUMP
23
12 NOP_MEMWRITE
2
4 dffg
]
[G
1
39
9
1
23
0
0
0
0
1 1
2
0
0
]
[G
1
13
9
1
15
0
0
0
0
32 1
2
0
0
]
[G
1
5
6
1
4
0
0
0
0
32 1
2
1
1
31 0 2 1
]
[G
1
5
6
2
4
0
0
0
0
32 0
2
2
2
2
2
2
2
2
2
2
2
2
2
2
2
2
2
2
2
2
2
2
2
2
2
2
3
3
2
2
3
3
1
1
31 0 2 1
]
[G
1
5
6
3
4
0
0
0
0
9 1
2
1
1
8 0 2 1
]
[G
1
5
6
4
4
0
0
0
0
1 1
2
1
1
0 0 2 1
]
[G
1
5
6
5
4
0
0
0
0
4 1
2
1
1
3 0 2 1
]
[G
1
5
6
6
4
0
0
0
0
2 1
2
1
1
1 0 2 1
]
[G
1
13
9
1
22
0
0
0
0
1 1
2
0
0
]
[G
1
13
9
1
11
0
0
0
0
32 1
2
0
0
]
[G
1
44
9
1
40
0
0
0
0
32 1
2
0
0
]
[G
1
39
9
1
27
0
0
0
0
1 1
2
0
0
]
[G
1
13
9
1
21
0
0
0
0
1 1
2
0
0
]
[G
1
13
9
1
12
0
0
0
0
32 0
2
2
2
2
2
2
2
2
2
2
2
2
2
2
2
2
2
2
2
2
2
2
2
2
2
2
3
3
2
2
3
3
0
0
]
[G
1
8
9
1
11
0
0
0
0
32 1
2
0
0
]
[G
1
44
9
1
12
0
0
0
0
32 0
2
2
2
2
2
2
2
2
2
2
2
2
2
2
2
2
2
2
2
2
2
2
2
2
2
2
3
3
2
2
3
3
0
0
]
[G
1
13
9
1
18
0
0
0
0
1 1
2
0
0
]
[G
1
39
9
1
24
0
0
0
0
4 1
2
0
0
]
[G
1
44
9
1
45
0
0
0
0
32 1
2
0
0
]
[G
1
2
3
1
4
0
0
2
0
0 0
0
0
]
[G
1
2
3
2
4
0
0
3
0
0 0
0
0
]
[G
1
39
9
1
26
0
0
0
0
2 1
2
0
0
]
[G
1
8
9
1
12
0
0
0
0
32 0
2
2
2
2
2
2
2
2
2
2
2
2
2
2
2
2
2
2
2
2
2
2
2
2
2
2
3
3
2
2
3
3
0
0
]
[G
1
13
9
1
14
0
0
0
0
32 1
2
0
0
]
[G
1
13
9
1
23
0
0
0
0
1 1
2
0
0
]
[G
1
5
6
1
7
1
0
32
0
0 0
0
0
]
[G
1
5
6
2
7
1
0
32
0
0 0
0
0
]
[G
1
5
6
3
7
1
0
9
0
0 0
0
0
]
[G
1
5
6
4
7
1
0
1
0
0 0
0
0
]
[G
1
5
6
5
7
1
0
4
0
0 0
0
0
]
[G
1
5
6
6
7
1
0
2
0
0 0
0
0
]
[G
1
39
9
1
25
0
0
0
0
1 1
2
0
0
]
[G
1
39
9
1
41
0
0
0
0
32 1
2
0
0
]
[G
1
13
9
1
16
0
0
0
0
32 1
2
0
0
]
[G
1
44
9
1
16
0
0
0
0
32 1
2
0
0
]
[G
1
13
9
1
17
0
0
0
0
9 1
2
0
0
]
[G
1
39
9
1
15
0
0
0
0
32 1
2
0
0
]
[G
1
13
9
1
27
0
0
0
0
1 1
2
0
0
]
[G
1
44
9
1
27
0
0
0
0
1 1
2
0
0
]
[G
1
13
9
1
10
0
0
0
0
32 1
2
0
0
]
[G
1
13
9
1
20
0
0
0
0
1 1
2
0
0
]
[G
1
39
9
1
40
0
0
0
0
32 1
2
0
0
]
[G
1
13
9
1
26
0
0
0
0
2 1
2
0
0
]
[G
1
13
9
1
24
0
0
0
0
4 1
2
0
0
]
[G
1
13
9
1
19
0
0
0
0
1 1
2
0
0
]
[G
1
44
9
1
26
0
0
0
0
2 1
2
0
0
]
[G
1
8
9
1
10
0
0
0
0
32 1
2
0
0
]
[G
1
13
9
1
25
0
0
0
0
1 1
2
0
0
]
[G
1
44
9
1
25
0
0
0
0
1 1
2
0
0
]
[G
1
39
9
1
12
0
0
0
0
32 0
2
2
2
2
2
2
2
2
2
2
2
2
2
2
2
2
2
2
2
2
2
2
2
2
2
2
3
3
2
2
3
3
0
0
]
[G
1
44
9
1
41
0
0
0
0
32 1
2
0
0
]
[P
1
13
9
28
29
1
0
0
]
[P
1
44
9
42
43
1
0
0
]
[P
1
13
9
34
32
1
0
0
]
[P
1
44
9
46
43
1
0
0
]
[P
1
13
9
38
32
1
0
0
]
[P
1
44
9
38
37
1
0
0
]
[P
1
39
9
37
36
1
0
0
]
[P
1
13
9
35
32
1
0
0
]
[P
1
13
9
31
32
1
0
0
]
[P
1
13
9
36
32
1
0
0
]
[P
1
13
9
33
32
1
0
0
]
[P
1
39
9
42
43
1
0
0
]
[P
1
39
9
28
43
1
0
0
]
[P
1
13
9
30
29
1
0
0
]
[P
1
44
9
30
43
1
0
0
]
[P
1
13
9
37
32
1
0
0
]
[P
1
39
9
38
36
1
0
0
]
